Initializing host data...
Initializing device data...
Launching GEMM kernel...
gridDim (1 1) blockdim (64 1)
TBlockX, TBlockY, BlocksX, BlocksY, BlkM, BlkN, BlkK, MatM, MatN, MatK, alpha, lda, ldb, beta, ldc, ldd, elapsedMs, Problem Size(GFlops), TFlops/s,sizeof(InputT)
64, 1, 1, 1, 32, 32, 32, 32, 32, 32, 1, 32, 32, 0, 32, 32, 3.67763, 6.5536e-05, 1.78202e-05,1
Validating result with reference...
devcie data:
188 -165 82 -165 66 82 188 82 66 188 188 66 188 188 82 66 66 -115 66 -115 -165 -115 -115 188 82 188 -165 -165 188 66 -115 66 
125 153 49 153 84 49 125 49 84 125 125 84 125 125 49 84 84 209 84 209 153 209 209 125 49 125 153 153 125 84 209 84 
125 153 49 153 84 49 125 49 84 125 125 84 125 125 49 84 84 209 84 209 153 209 209 125 49 125 153 153 125 84 209 84 
-22 -51 84 -51 -67 84 -22 84 -67 -22 -22 -67 -22 -22 84 -67 -67 8 -67 8 -51 8 8 -22 84 -22 -51 -51 -22 -67 8 -67 
125 153 49 153 84 49 125 49 84 125 125 84 125 125 49 84 84 209 84 209 153 209 209 125 49 125 153 153 125 84 209 84 
149 135 173 135 145 173 149 173 145 149 149 145 149 149 173 145 145 26 145 26 135 26 26 149 173 149 135 135 149 145 26 145 
-22 -51 84 -51 -67 84 -22 84 -67 -22 -22 -67 -22 -22 84 -67 -67 8 -67 8 -51 8 8 -22 84 -22 -51 -51 -22 -67 8 -67 
125 153 49 153 84 49 125 49 84 125 125 84 125 125 49 84 84 209 84 209 153 209 209 125 49 125 153 153 125 84 209 84 
125 153 49 153 84 49 125 49 84 125 125 84 125 125 49 84 84 209 84 209 153 209 209 125 49 125 153 153 125 84 209 84 
-14 189 -135 189 148 -135 -14 -135 148 -14 -14 148 -14 -14 -135 148 148 124 148 124 189 124 124 -14 -135 -14 189 189 -14 148 124 148 
125 153 49 153 84 49 125 49 84 125 125 84 125 125 49 84 84 209 84 209 153 209 209 125 49 125 153 153 125 84 209 84 
-14 189 -135 189 148 -135 -14 -135 148 -14 -14 148 -14 -14 -135 148 148 124 148 124 189 124 124 -14 -135 -14 189 189 -14 148 124 148 
-22 -51 84 -51 -67 84 -22 84 -67 -22 -22 -67 -22 -22 84 -67 -67 8 -67 8 -51 8 8 -22 84 -22 -51 -51 -22 -67 8 -67 
149 135 173 135 145 173 149 173 145 149 149 145 149 149 173 145 145 26 145 26 135 26 26 149 173 149 135 135 149 145 26 145 
188 -165 82 -165 66 82 188 82 66 188 188 66 188 188 82 66 66 -115 66 -115 -165 -115 -115 188 82 188 -165 -165 188 66 -115 66 
149 135 173 135 145 173 149 173 145 149 149 145 149 149 173 145 145 26 145 26 135 26 26 149 173 149 135 135 149 145 26 145 
149 135 173 135 145 173 149 173 145 149 149 145 149 149 173 145 145 26 145 26 135 26 26 149 173 149 135 135 149 145 26 145 
-22 -51 84 -51 -67 84 -22 84 -67 -22 -22 -67 -22 -22 84 -67 -67 8 -67 8 -51 8 8 -22 84 -22 -51 -51 -22 -67 8 -67 
149 135 173 135 145 173 149 173 145 149 149 145 149 149 173 145 145 26 145 26 135 26 26 149 173 149 135 135 149 145 26 145 
188 -165 82 -165 66 82 188 82 66 188 188 66 188 188 82 66 66 -115 66 -115 -165 -115 -115 188 82 188 -165 -165 188 66 -115 66 
-22 -51 84 -51 -67 84 -22 84 -67 -22 -22 -67 -22 -22 84 -67 -67 8 -67 8 -51 8 8 -22 84 -22 -51 -51 -22 -67 8 -67 
188 -165 82 -165 66 82 188 82 66 188 188 66 188 188 82 66 66 -115 66 -115 -165 -115 -115 188 82 188 -165 -165 188 66 -115 66 
-14 189 -135 189 148 -135 -14 -135 148 -14 -14 148 -14 -14 -135 148 148 124 148 124 189 124 124 -14 -135 -14 189 189 -14 148 124 148 
-22 -51 84 -51 -67 84 -22 84 -67 -22 -22 -67 -22 -22 84 -67 -67 8 -67 8 -51 8 8 -22 84 -22 -51 -51 -22 -67 8 -67 
188 -165 82 -165 66 82 188 82 66 188 188 66 188 188 82 66 66 -115 66 -115 -165 -115 -115 188 82 188 -165 -165 188 66 -115 66 
125 153 49 153 84 49 125 49 84 125 125 84 125 125 49 84 84 209 84 209 153 209 209 125 49 125 153 153 125 84 209 84 
-22 -51 84 -51 -67 84 -22 84 -67 -22 -22 -67 -22 -22 84 -67 -67 8 -67 8 -51 8 8 -22 84 -22 -51 -51 -22 -67 8 -67 
-14 189 -135 189 148 -135 -14 -135 148 -14 -14 148 -14 -14 -135 148 148 124 148 124 189 124 124 -14 -135 -14 189 189 -14 148 124 148 
-14 189 -135 189 148 -135 -14 -135 148 -14 -14 148 -14 -14 -135 148 148 124 148 124 189 124 124 -14 -135 -14 189 189 -14 148 124 148 
-22 -51 84 -51 -67 84 -22 84 -67 -22 -22 -67 -22 -22 84 -67 -67 8 -67 8 -51 8 8 -22 84 -22 -51 -51 -22 -67 8 -67 
-14 189 -135 189 148 -135 -14 -135 148 -14 -14 148 -14 -14 -135 148 148 124 148 124 189 124 124 -14 -135 -14 189 189 -14 148 124 148 
188 -165 82 -165 66 82 188 82 66 188 188 66 188 188 82 66 66 -115 66 -115 -165 -115 -115 188 82 188 -165 -165 188 66 -115 66 
host data:
996 -2188 1096 -2188 -1016 1096 996 1096 -1016 996 996 -1016 996 996 1096 -1016 -1016 -696 -1016 -696 -2188 -696 -696 996 1096 996 -2188 -2188 996 -1016 -696 -1016 
832 -848 -344 -848 -128 -344 832 -344 -128 832 832 -128 832 832 -344 -128 -128 -184 -128 -184 -848 -184 -184 832 -344 832 -848 -848 832 -128 -184 -128 
832 -848 -344 -848 -128 -344 832 -344 -128 832 832 -128 832 832 -344 -128 -128 -184 -128 -184 -848 -184 -184 832 -344 832 -848 -848 832 -128 -184 -128 
-404 92 1056 92 -556 1056 -404 1056 -556 -404 -404 -556 -404 -404 1056 -556 -556 404 -556 404 92 404 404 -404 1056 -404 92 92 -404 -556 404 -556 
832 -848 -344 -848 -128 -344 832 -344 -128 832 832 -128 832 832 -344 -128 -128 -184 -128 -184 -848 -184 -184 832 -344 832 -848 -848 832 -128 -184 -128 
244 1784 -632 1784 1500 -632 244 -632 1500 244 244 1500 244 244 -632 1500 1500 576 1500 576 1784 576 576 244 -632 244 1784 1784 244 1500 576 1500 
-404 92 1056 92 -556 1056 -404 1056 -556 -404 -404 -556 -404 -404 1056 -556 -556 404 -556 404 92 404 404 -404 1056 -404 92 92 -404 -556 404 -556 
832 -848 -344 -848 -128 -344 832 -344 -128 832 832 -128 832 832 -344 -128 -128 -184 -128 -184 -848 -184 -184 832 -344 832 -848 -848 832 -128 -184 -128 
832 -848 -344 -848 -128 -344 832 -344 -128 832 832 -128 832 832 -344 -128 -128 -184 -128 -184 -848 -184 -184 832 -344 832 -848 -848 832 -128 -184 -128 
-800 2416 -464 2416 1216 -464 -800 -464 1216 -800 -800 1216 -800 -800 -464 1216 1216 1152 1216 1152 2416 1152 1152 -800 -464 -800 2416 2416 -800 1216 1152 1216 
832 -848 -344 -848 -128 -344 832 -344 -128 832 832 -128 832 832 -344 -128 -128 -184 -128 -184 -848 -184 -184 832 -344 832 -848 -848 832 -128 -184 -128 
-800 2416 -464 2416 1216 -464 -800 -464 1216 -800 -800 1216 -800 -800 -464 1216 1216 1152 1216 1152 2416 1152 1152 -800 -464 -800 2416 2416 -800 1216 1152 1216 
-404 92 1056 92 -556 1056 -404 1056 -556 -404 -404 -556 -404 -404 1056 -556 -556 404 -556 404 92 404 404 -404 1056 -404 92 92 -404 -556 404 -556 
244 1784 -632 1784 1500 -632 244 -632 1500 244 244 1500 244 244 -632 1500 1500 576 1500 576 1784 576 576 244 -632 244 1784 1784 244 1500 576 1500 
996 -2188 1096 -2188 -1016 1096 996 1096 -1016 996 996 -1016 996 996 1096 -1016 -1016 -696 -1016 -696 -2188 -696 -696 996 1096 996 -2188 -2188 996 -1016 -696 -1016 
244 1784 -632 1784 1500 -632 244 -632 1500 244 244 1500 244 244 -632 1500 1500 576 1500 576 1784 576 576 244 -632 244 1784 1784 244 1500 576 1500 
244 1784 -632 1784 1500 -632 244 -632 1500 244 244 1500 244 244 -632 1500 1500 576 1500 576 1784 576 576 244 -632 244 1784 1784 244 1500 576 1500 
-404 92 1056 92 -556 1056 -404 1056 -556 -404 -404 -556 -404 -404 1056 -556 -556 404 -556 404 92 404 404 -404 1056 -404 92 92 -404 -556 404 -556 
244 1784 -632 1784 1500 -632 244 -632 1500 244 244 1500 244 244 -632 1500 1500 576 1500 576 1784 576 576 244 -632 244 1784 1784 244 1500 576 1500 
996 -2188 1096 -2188 -1016 1096 996 1096 -1016 996 996 -1016 996 996 1096 -1016 -1016 -696 -1016 -696 -2188 -696 -696 996 1096 996 -2188 -2188 996 -1016 -696 -1016 
-404 92 1056 92 -556 1056 -404 1056 -556 -404 -404 -556 -404 -404 1056 -556 -556 404 -556 404 92 404 404 -404 1056 -404 92 92 -404 -556 404 -556 
996 -2188 1096 -2188 -1016 1096 996 1096 -1016 996 996 -1016 996 996 1096 -1016 -1016 -696 -1016 -696 -2188 -696 -696 996 1096 996 -2188 -2188 996 -1016 -696 -1016 
-800 2416 -464 2416 1216 -464 -800 -464 1216 -800 -800 1216 -800 -800 -464 1216 1216 1152 1216 1152 2416 1152 1152 -800 -464 -800 2416 2416 -800 1216 1152 1216 
-404 92 1056 92 -556 1056 -404 1056 -556 -404 -404 -556 -404 -404 1056 -556 -556 404 -556 404 92 404 404 -404 1056 -404 92 92 -404 -556 404 -556 
996 -2188 1096 -2188 -1016 1096 996 1096 -1016 996 996 -1016 996 996 1096 -1016 -1016 -696 -1016 -696 -2188 -696 -696 996 1096 996 -2188 -2188 996 -1016 -696 -1016 
832 -848 -344 -848 -128 -344 832 -344 -128 832 832 -128 832 832 -344 -128 -128 -184 -128 -184 -848 -184 -184 832 -344 832 -848 -848 832 -128 -184 -128 
-404 92 1056 92 -556 1056 -404 1056 -556 -404 -404 -556 -404 -404 1056 -556 -556 404 -556 404 92 404 404 -404 1056 -404 92 92 -404 -556 404 -556 
-800 2416 -464 2416 1216 -464 -800 -464 1216 -800 -800 1216 -800 -800 -464 1216 1216 1152 1216 1152 2416 1152 1152 -800 -464 -800 2416 2416 -800 1216 1152 1216 
-800 2416 -464 2416 1216 -464 -800 -464 1216 -800 -800 1216 -800 -800 -464 1216 1216 1152 1216 1152 2416 1152 1152 -800 -464 -800 2416 2416 -800 1216 1152 1216 
-404 92 1056 92 -556 1056 -404 1056 -556 -404 -404 -556 -404 -404 1056 -556 -556 404 -556 404 92 404 404 -404 1056 -404 92 92 -404 -556 404 -556 
-800 2416 -464 2416 1216 -464 -800 -464 1216 -800 -800 1216 -800 -800 -464 1216 1216 1152 1216 1152 2416 1152 1152 -800 -464 -800 2416 2416 -800 1216 1152 1216 
996 -2188 1096 -2188 -1016 1096 996 1096 -1016 996 996 -1016 996 996 1096 -1016 -1016 -696 -1016 -696 -2188 -696 -696 996 1096 996 -2188 -2188 996 -1016 -696 -1016 
FAILED
Max relative error: 0.999077
Finished!
